                   Target           MJD              Blazar Flux          Blazar Flux Err          Check Star Flux      Check Star Flux Err
            HESSJ1943+213      57106.51               7.4775e+34               4.8207e+33               1.9668e+35               1.0868e+34
            HESSJ1943+213      57107.52               6.2770e+34               6.3593e+33               1.8610e+35               1.1998e+34
            HESSJ1943+213      57113.52               7.6165e+34               4.9103e+33               1.8956e+35               8.7294e+33
            HESSJ1943+213      57117.45               7.4089e+34               4.7765e+33               1.8440e+35               1.0190e+34
            HESSJ1943+213      57118.51               7.6165e+34               4.9103e+33               1.9132e+35               1.0572e+34
            HESSJ1943+213      57131.48               8.1237e+34               5.2373e+33               1.8783e+35               1.2109e+34
            HESSJ1943+213      57135.49               8.2747e+34               4.5726e+33               1.8956e+35               1.0475e+34
            HESSJ1943+213      57137.43               7.9023e+34               5.0946e+33               1.9132e+35               1.0572e+34
            HESSJ1943+213      57139.40               8.1989e+34               5.2858e+33               1.9487e+35               1.0769e+34
            HESSJ1943+213      57140.39               7.7581e+34               5.0016e+33               1.9132e+35               1.0572e+34
            HESSJ1943+213      57145.48               7.2737e+34               4.6893e+33               1.9132e+35               1.2334e+34
            HESSJ1943+213      57160.43               7.8299e+34               5.0479e+33               1.9668e+35               1.2680e+34
            HESSJ1943+213      57162.33               7.8299e+34               5.7690e+33               1.8956e+35               1.2221e+34
            HESSJ1943+213      57163.46               8.1989e+34               6.0409e+33               1.9309e+35               1.2448e+34
            HESSJ1943+213      57165.47               7.6165e+34               4.9103e+33               1.9309e+35               1.0670e+34
            HESSJ1943+213      57166.45               8.1237e+34               5.2373e+33               1.9487e+35               1.0769e+34
            HESSJ1943+213      57167.43               7.9023e+34               5.8224e+33               1.9487e+35               1.2564e+34
            HESSJ1943+213      57170.47               7.6869e+34               4.9558e+33               1.9309e+35               1.2448e+34
            HESSJ1943+213      57171.47               7.3410e+34               4.7327e+33               1.8610e+35               1.0284e+34
            HESSJ1943+213      57172.48               7.9023e+34               6.5502e+33               1.9132e+35               1.4096e+34
            HESSJ1943+213      57173.32               8.6647e+34               6.3842e+33               1.9132e+35               1.2334e+34
            HESSJ1943+213      57184.37               7.6165e+34               5.6118e+33               1.9132e+35               1.2334e+34
            HESSJ1943+213      57185.47               8.3513e+34               6.1532e+33               1.8610e+35               1.1998e+34
            HESSJ1943+213      57188.47               7.4775e+34               6.1981e+33               1.7937e+35               1.3216e+34
            HESSJ1943+213      57191.46               6.7570e+34               4.3562e+33               1.9668e+35               1.0868e+34
            HESSJ1943+213      57192.25               7.3410e+34               5.4088e+33               1.9668e+35               1.2680e+34
            HESSJ1943+213      57193.44               8.0492e+34               5.1893e+33               1.8783e+35               1.2109e+34
            HESSJ1943+213      57194.40               7.6165e+34               5.6118e+33               1.9132e+35               1.2334e+34
            HESSJ1943+213      57195.24               6.8195e+34               4.3965e+33               2.0595e+35               1.1381e+34
            HESSJ1943+213      57225.40               7.9754e+34               5.8763e+33               1.9850e+35               1.2797e+34
            HESSJ1943+213      57283.14               1.4248e+41               1.3188e+42               1.4248e+41               1.3188e+42
            HESSJ1943+213      57294.11               7.5466e+34               4.8653e+33               1.9132e+35               1.2334e+34
            HESSJ1943+213      57296.18               8.3513e+34               6.1532e+33               1.9132e+35               1.2334e+34
            HESSJ1943+213      57304.10               7.5466e+34               4.1703e+33               1.9487e+35               1.0769e+34
            HESSJ1943+213      57305.09               7.6869e+34               4.9558e+33               1.9132e+35               1.2334e+34
            HESSJ1943+213      57310.07               7.9023e+34               5.0946e+33               1.8610e+35               1.0284e+34
            HESSJ1943+213      57327.07               7.7581e+34               5.0016e+33               2.0406e+35               1.1276e+34
            HESSJ1943+213      57328.07               7.7581e+34               5.0016e+33               1.9668e+35               1.0868e+34
            HESSJ1943+213      57333.07               7.9023e+34               5.0946e+33               1.9132e+35               1.0572e+34
            HESSJ1943+213      57349.06               6.6337e+34               6.1096e+33               1.9850e+35               1.4625e+34
            HESSJ1943+213      57350.05               5.8311e+34               5.9075e+33               1.8271e+35               1.3462e+34
            HESSJ1943+213      57351.05               7.0754e+34               5.2132e+33               1.9487e+35               1.2564e+34
            HESSJ1943+213      57354.09               7.6869e+34               5.6637e+33               1.9487e+35               1.2564e+34
            HESSJ1943+213      57356.05               7.2737e+34               5.3592e+33               1.9309e+35               1.2448e+34
            HESSJ1943+213      57357.05               1.6510e+35               2.7371e+34               1.6663e+35               2.7624e+34
            HESSJ1943+213      57358.05               6.8195e+34               5.6527e+33               1.8783e+35               1.2109e+34
            HESSJ1943+213      57359.05               5.9945e+34               5.5209e+33               1.9850e+35               1.0969e+34
            HESSJ1943+213      57360.05               7.7581e+34               6.4307e+33               1.8610e+35               1.3712e+34
            HESSJ1943+213      57362.05               7.4089e+34               6.8236e+33               1.8956e+35               1.3967e+34
            HESSJ1943+213      57365.05               7.2070e+34               6.6376e+33               1.7610e+35               1.2975e+34
            HESSJ1943+213      57462.53               6.1625e+34               7.3783e+33               1.8783e+35               1.9029e+34
            HESSJ1943+213      57472.48               7.2070e+34               7.9652e+33               1.9132e+35               1.9382e+34
            HESSJ1943+213      57487.49               8.0492e+34               8.8960e+33               2.0033e+35               2.2141e+34
            HESSJ1943+213      57488.48               7.3410e+34               7.4371e+33               1.9132e+35               1.9382e+34
            HESSJ1943+213      57491.51               7.2737e+34               9.3787e+33               1.8956e+35               2.0951e+34
            HESSJ1943+213      57494.43               6.9463e+34               7.6771e+33               1.9850e+35               2.1938e+34
            HESSJ1943+213      57499.50               8.5853e+34               1.0279e+34               2.0033e+35               2.2141e+34
            HESSJ1943+213      57514.36               7.9754e+34               5.1418e+33               1.8610e+35               1.0284e+34
            HESSJ1943+213      57516.48               7.4775e+34               5.5094e+33               1.8783e+35               1.2109e+34
            HESSJ1943+213      57517.48               7.6869e+34               5.6637e+33               1.8271e+35               1.3462e+34
            HESSJ1943+213      57518.48               8.0492e+34               5.1893e+33               1.8610e+35               1.1998e+34
            HESSJ1943+213      57519.48               1.4248e+41               1.3188e+42               1.4248e+41               1.3188e+42
            HESSJ1943+213      57521.47               7.9754e+34               5.8763e+33               1.8610e+35               1.3712e+34
            HESSJ1943+213      57524.48               6.5126e+34               5.3983e+33               1.8271e+35               1.1779e+34
            HESSJ1943+213      57526.46               7.9023e+34               5.0946e+33               1.9132e+35               1.2334e+34
            HESSJ1943+213      57543.43               7.7581e+34               5.7161e+33               1.8956e+35               1.2221e+34
            HESSJ1943+213      57547.43               7.7581e+34               5.7161e+33               1.9309e+35               1.4227e+34
            HESSJ1943+213      57553.47               7.6165e+34               5.6118e+33               1.8956e+35               1.3967e+34
            HESSJ1943+213      57554.47               7.6165e+34               6.3133e+33               1.9132e+35               1.4096e+34
            HESSJ1943+213      57571.45               8.2747e+34               6.0968e+33               1.9132e+35               1.4096e+34
            HESSJ1943+213      57572.46               8.2747e+34               6.8589e+33               1.9487e+35               1.4358e+34
            HESSJ1943+213      57575.48               7.6869e+34               6.3717e+33               1.8271e+35               1.1779e+34
            HESSJ1943+213      57577.47               7.8299e+34               5.7690e+33               1.8271e+35               1.1779e+34
            HESSJ1943+213      57579.36               7.2070e+34               5.3101e+33               2.0785e+35               1.3400e+34
            HESSJ1943+213      57580.19               8.1237e+34               5.9855e+33               1.8956e+35               1.3967e+34
            HESSJ1943+213      57581.42               7.7581e+34               5.7161e+33               1.9309e+35               1.2448e+34
            HESSJ1943+213      57582.18               7.9754e+34               5.8763e+33               1.8271e+35               1.3462e+34
            HESSJ1943+213      57623.15               7.8299e+34               5.7690e+33               1.8783e+35               1.2109e+34
            HESSJ1943+213      57631.14               8.0492e+34               6.6720e+33               1.9850e+35               1.4625e+34
            HESSJ1943+213      57634.24               7.4089e+34               6.1412e+33               1.8783e+35               1.3839e+34
            HESSJ1943+213      57635.24               7.4775e+34               5.5094e+33               1.8783e+35               1.3839e+34
            HESSJ1943+213      57650.14               7.9754e+34               6.6108e+33               1.9309e+35               1.6005e+34
            HESSJ1943+213      57663.11               8.1237e+34               6.7337e+33               2.0219e+35               1.4897e+34
            HESSJ1943+213      57665.10               8.0492e+34               6.6720e+33               1.8956e+35               1.5713e+34
            HESSJ1943+213      57677.13               7.8299e+34               7.9324e+33               1.8956e+35               1.7459e+34
            HESSJ1943+213      57680.09               7.9754e+34               7.3454e+33               1.9668e+35               1.8114e+34
            HESSJ1943+213      57681.08               7.9754e+34               5.8763e+33               1.9487e+35               1.4358e+34
            HESSJ1943+213      57682.11               6.1625e+34               5.1081e+33               2.0406e+35               1.6914e+34
            HESSJ1943+213      57687.11               8.1989e+34               8.3063e+33               1.9132e+35               1.9382e+34
            HESSJ1943+213      57704.08               7.9023e+34               8.7336e+33               1.9132e+35               1.9382e+34
            HESSJ1943+213      57706.06               7.6869e+34               8.4956e+33               1.9487e+35               1.9743e+34
            HESSJ1943+213      57707.07               7.2070e+34               7.9652e+33               1.8783e+35               2.0758e+34
            HESSJ1943+213      57711.06               7.6869e+34               8.4956e+33               1.9850e+35               2.1938e+34
            HESSJ1943+213      57712.06               7.3410e+34               7.4371e+33               1.8440e+35               1.6983e+34
            HESSJ1943+213      57716.05               6.9463e+34               7.6771e+33               1.9487e+35               1.9743e+34
            HESSJ1943+213      57717.05               7.2737e+34               8.7088e+33               2.0595e+35               2.0864e+34
            HESSJ1943+213      57718.05               6.6950e+34               6.7828e+33               1.8783e+35               1.5569e+34
            HESSJ1943+213      57814.54               6.5126e+34               5.9981e+33               1.8440e+35               1.1888e+34
            HESSJ1943+213      57818.53               7.2737e+34               6.0291e+33               1.8783e+35               1.3839e+34
            HESSJ1943+213      57819.54               7.2737e+34               8.7088e+33               1.8610e+35               1.5426e+34
            HESSJ1943+213      57822.53               7.9023e+34               6.5502e+33               1.9850e+35               1.4625e+34
            HESSJ1943+213      57825.52               7.2070e+34               5.9739e+33               1.8440e+35               1.3586e+34
