                   Target           MJD              Blazar Flux          Blazar Flux Err          Check Star Flux      Check Star Flux Err
            HESSJ1943+213      56562.10               3.0364e+34               1.6779e+33               1.4803e+35               6.8169e+33
            HESSJ1943+213      56564.09               2.6203e+34               1.9307e+33               1.4803e+35               6.8169e+33
            HESSJ1943+213      56565.09               3.1795e+34               2.0498e+33               1.4400e+35               6.6311e+33
            HESSJ1943+213      56584.07               2.5256e+34               2.3260e+33               1.4137e+35               6.5101e+33
            HESSJ1943+213      56585.08               2.5725e+34               2.1324e+33               1.4940e+35               6.8800e+33
            HESSJ1943+213      56588.07               2.8732e+34               1.8523e+33               1.4803e+35               5.4535e+33
            HESSJ1943+213      56589.10               2.4795e+34               2.9687e+33               1.1977e+35               1.4340e+34
            HESSJ1943+213      56590.07               3.2686e+34               2.1073e+33               1.5079e+35               6.9437e+33
            HESSJ1943+213      56596.12               2.9810e+34               1.9218e+33               1.4533e+35               6.6925e+33
            HESSJ1943+213      56611.10               2.6938e+34               2.2329e+33               1.4268e+35               6.5704e+33
            HESSJ1943+213      56720.54               2.0814e+34               3.0672e+33               1.4533e+35               6.6925e+33
            HESSJ1943+213      56721.53               2.2822e+34               1.8917e+33               1.4533e+35               6.6925e+33
            HESSJ1943+213      56723.54               3.5185e+34               3.5646e+33               1.4007e+35               7.7405e+33
            HESSJ1943+213      56728.53               2.6691e+34               2.2124e+33               1.4940e+35               6.8800e+33
            HESSJ1943+213      56733.53               3.1504e+34               3.1916e+33               1.5079e+35               6.9437e+33
            HESSJ1943+213      56734.52               2.1007e+34               2.7086e+33               1.4668e+35               6.7544e+33
            HESSJ1943+213      56749.46               3.0364e+34               1.9576e+33               1.5079e+35               6.9437e+33
            HESSJ1943+213      56754.46               3.0086e+34               1.6625e+33               1.5079e+35               5.5549e+33
            HESSJ1943+213      56755.51               2.8468e+34               2.6219e+33               1.3752e+35               6.3327e+33
            HESSJ1943+213      56756.46               3.0929e+34               1.9940e+33               1.4668e+35               6.7544e+33
            HESSJ1943+213      56758.50               2.9810e+34               2.1964e+33               1.4533e+35               8.0310e+33
            HESSJ1943+213      56760.50               2.7692e+34               1.7853e+33               1.5079e+35               6.9437e+33
            HESSJ1943+213      56761.46               3.0086e+34               2.4938e+33               1.4940e+35               6.8800e+33
            HESSJ1943+213      56762.46               3.2089e+34               2.6599e+33               1.4007e+35               6.4504e+33
            HESSJ1943+213      56763.49               3.1504e+34               2.3212e+33               1.4940e+35               6.8800e+33
            HESSJ1943+213      56776.44               3.0086e+34               1.9396e+33               1.4668e+35               8.1053e+33
            HESSJ1943+213      56777.46               2.1795e+34               1.6059e+33               1.7634e+35               8.1206e+33
            HESSJ1943+213      56778.49               2.1795e+34               2.2081e+33               1.4940e+35               6.8800e+33
            HESSJ1943+213      56779.37               2.6446e+34               1.9485e+33               1.4668e+35               6.7544e+33
            HESSJ1943+213      56781.44               2.9266e+34               1.8868e+33               1.4533e+35               8.0310e+33
            HESSJ1943+213      56782.49               3.1504e+34               2.6113e+33               1.4803e+35               8.1803e+33
            HESSJ1943+213      56783.36               2.9266e+34               1.8868e+33               1.4803e+35               8.1803e+33
            HESSJ1943+213      56784.42               3.0086e+34               1.9396e+33               1.4668e+35               6.7544e+33
            HESSJ1943+213      56785.41               3.0645e+34               1.9757e+33               1.4940e+35               8.2560e+33
            HESSJ1943+213      56786.39               3.0364e+34               1.9576e+33               1.4803e+35               6.8169e+33
            HESSJ1943+213      56787.49               3.9661e+34               3.2875e+33               1.4668e+35               6.7544e+33
            HESSJ1943+213      56788.49               2.3462e+34               3.0251e+33               1.4400e+35               6.6311e+33
            HESSJ1943+213      56789.48               2.3679e+34               1.9627e+33               1.5079e+35               6.9437e+33
            HESSJ1943+213      56790.43               2.7949e+34               2.3167e+33               1.4668e+35               8.1053e+33
            HESSJ1943+213      56791.48               2.2613e+34               2.7075e+33               1.5644e+35               7.2042e+33
            HESSJ1943+213      56802.42               2.7438e+34               1.7690e+33               1.4940e+35               6.8800e+33
            HESSJ1943+213      56803.45               2.8468e+34               2.0975e+33               1.4940e+35               8.2560e+33
            HESSJ1943+213      56805.30               2.9536e+34               1.9042e+33               1.4668e+35               6.7544e+33
            HESSJ1943+213      56807.47               2.7692e+34               2.2954e+33               1.4400e+35               7.9574e+33
            HESSJ1943+213      56808.42               1.7634e+00               1.6241e+01               1.4803e+35               8.1803e+33
            HESSJ1943+213      56812.47               2.9536e+34               2.1762e+33               1.4940e+35               8.2560e+33
            HESSJ1943+213      56813.47               3.2089e+34               3.5465e+33               1.5218e+35               8.4095e+33
            HESSJ1943+213      56814.43               2.7438e+34               1.7690e+33               1.4668e+35               6.7544e+33
            HESSJ1943+213      56815.39               2.9810e+34               1.9218e+33               1.4803e+35               8.1803e+33
            HESSJ1943+213      56817.44               3.0086e+34               1.9396e+33               1.5079e+35               8.3324e+33
            HESSJ1943+213      56818.47               2.9536e+34               2.4483e+33               1.4940e+35               5.5040e+33
            HESSJ1943+213      56829.39               3.0364e+34               1.9576e+33               1.4400e+35               7.9574e+33
            HESSJ1943+213      56830.48               3.2089e+34               3.2510e+33               1.4533e+35               8.0310e+33
            HESSJ1943+213      56834.48               2.4119e+34               2.6656e+33               1.4400e+35               6.6311e+33
            HESSJ1943+213      56835.47               2.7949e+34               2.3167e+33               1.4940e+35               8.2560e+33
            HESSJ1943+213      56838.42               3.0364e+34               1.9576e+33               1.4803e+35               8.1803e+33
            HESSJ1943+213      56839.48               3.0086e+34               2.7709e+33               1.4668e+35               8.1053e+33
            HESSJ1943+213      56858.36               3.2686e+34               2.1073e+33               1.4668e+35               8.1053e+33
            HESSJ1943+213      56860.17               2.9266e+34               2.1563e+33               1.4668e+35               8.1053e+33
            HESSJ1943+213      56862.28               2.7692e+34               2.0404e+33               1.4533e+35               8.0310e+33
            HESSJ1943+213      56921.13               3.2988e+34               1.8229e+33               1.4533e+35               6.6925e+33
            HESSJ1943+213      56923.14               2.7692e+34               1.7853e+33               1.4668e+35               6.7544e+33
            HESSJ1943+213      56926.09               3.2386e+34               2.0879e+33               1.4940e+35               5.5040e+33
            HESSJ1943+213      56941.08               3.2089e+34               2.0688e+33               1.4668e+35               6.7544e+33
            HESSJ1943+213      56944.08               3.1215e+34               2.0124e+33               1.4668e+35               6.7544e+33
            HESSJ1943+213      56945.08               2.9266e+34               1.8868e+33               1.4533e+35               5.3540e+33
            HESSJ1943+213      56946.08               2.9266e+34               3.2344e+33               1.5218e+35               8.4095e+33
            HESSJ1943+213      56947.08               2.8732e+34               1.8523e+33               1.4803e+35               6.8169e+33
            HESSJ1943+213      56953.07               2.7692e+34               2.2954e+33               1.4007e+35               6.4504e+33
            HESSJ1943+213      56955.07               2.7692e+34               2.5505e+33               1.4940e+35               6.8800e+33
            HESSJ1943+213      56967.06               2.1397e+34               2.5619e+33               1.5501e+35               5.7106e+33
            HESSJ1943+213      56972.06               2.7692e+34               2.8055e+33               1.4137e+35               6.5101e+33
            HESSJ1943+213      56973.08               2.7438e+34               1.7690e+33               1.4940e+35               6.8800e+33
            HESSJ1943+213      56977.07               3.2089e+34               2.0688e+33               1.4533e+35               6.6925e+33
            HESSJ1943+213      56978.06               2.0061e+34               2.2172e+33               1.4668e+35               6.7544e+33
            HESSJ1943+213      56979.06               2.1795e+00               2.0073e+01               2.1795e+00               2.0073e+01
            HESSJ1943+213      56982.05               2.1397e+34               3.9414e+33               1.4803e+35               9.5437e+33
            HESSJ1943+213      56996.05               2.3247e+34               3.2115e+33               1.5501e+35               8.5658e+33
            HESSJ1943+213      56998.06               2.1007e+34               2.9021e+33               1.3752e+35               7.5992e+33
            HESSJ1943+213      57003.05               2.0814e+34               2.8755e+33               1.4668e+35               6.7544e+33
            HESSJ1943+213      57082.54               1.0147e+35               1.2150e+34               3.3602e+00               3.0947e+01
            HESSJ1943+213      57086.54               1.4533e+34               5.0863e+33               1.5359e+35               1.1316e+34
            HESSJ1943+213      57089.54               2.6691e+34               4.9164e+33               1.5501e+35               9.9935e+33
            HESSJ1943+213      57106.51               2.8732e+34               2.1169e+33               1.4803e+35               6.8169e+33
            HESSJ1943+213      57107.52               2.8997e+34               3.4719e+33               1.4803e+35               6.8169e+33
            HESSJ1943+213      57113.51               2.9810e+34               2.4709e+33               1.4668e+35               5.4035e+33
            HESSJ1943+213      57114.50               2.5256e+34               2.0934e+33               1.4940e+35               5.5040e+33
            HESSJ1943+213      57117.45               2.3679e+34               2.3989e+33               1.4668e+35               5.4035e+33
            HESSJ1943+213      57131.48               3.1504e+34               1.7409e+33               1.4668e+35               6.7544e+33
            HESSJ1943+213      57135.49               3.1215e+34               1.7249e+33               1.4803e+35               5.4535e+33
            HESSJ1943+213      57137.43               3.1795e+34               1.7570e+33               1.4803e+35               6.8169e+33
            HESSJ1943+213      57139.40               3.2988e+34               1.8229e+33               1.4940e+35               5.5040e+33
            HESSJ1943+213      57160.43               3.2386e+34               1.7897e+33               1.4940e+35               6.8800e+33
            HESSJ1943+213      57172.48               2.9810e+34               3.0200e+33               1.4400e+35               7.9574e+33
            HESSJ1943+213      57184.37               2.6691e+34               1.7207e+33               1.4940e+35               6.8800e+33
            HESSJ1943+213      57188.47               2.4795e+34               2.7403e+33               1.4533e+35               6.6925e+33
            HESSJ1943+213      57192.25               2.2613e+34               1.8744e+33               1.4940e+35               8.2560e+33
            HESSJ1943+213      57193.44               3.0086e+34               1.9396e+33               1.4803e+35               6.8169e+33
            HESSJ1943+213      57194.40               3.0929e+34               1.9940e+33               1.4533e+35               6.6925e+33
            HESSJ1943+213      57195.24               2.3679e+34               1.9627e+33               1.6232e+35               8.9695e+33
            HESSJ1943+213      57225.40               3.1504e+34               2.3212e+33               1.4803e+35               8.1803e+33
            HESSJ1943+213      57283.14               1.7473e+41               1.6173e+42               1.7473e+41               1.6173e+42
            HESSJ1943+213      57296.18               3.3293e+34               2.1464e+33               1.4533e+35               6.6925e+33
            HESSJ1943+213      57305.09               2.7187e+34               1.7527e+33               1.5218e+35               7.0079e+33
            HESSJ1943+213      57310.07               2.9266e+34               2.1563e+33               1.4803e+35               6.8169e+33
            HESSJ1943+213      57328.07               3.0364e+34               1.6779e+33               1.4668e+35               5.4035e+33
            HESSJ1943+213      57333.07               2.8997e+34               1.8695e+33               1.4940e+35               6.8800e+33
            HESSJ1943+213      57349.06               2.7438e+34               2.7798e+33               1.5501e+35               7.1382e+33
            HESSJ1943+213      57350.05               2.4342e+34               3.3629e+33               1.4007e+35               6.4504e+33
            HESSJ1943+213      57354.09               2.5024e+34               1.8438e+33               1.5359e+35               7.0728e+33
            HESSJ1943+213      57356.05               2.5489e+34               2.5823e+33               1.4268e+35               6.5704e+33
            HESSJ1943+213      57360.05               2.0434e+34               2.6348e+33               1.4668e+35               6.7544e+33
            HESSJ1943+213      57462.53               2.1201e+34               3.3195e+33               1.4803e+35               1.3634e+34
            HESSJ1943+213      57472.48               2.9536e+34               3.8084e+33               1.4803e+35               1.4997e+34
            HESSJ1943+213      57491.51               3.0086e+34               4.4334e+33               1.4803e+35               1.6361e+34
            HESSJ1943+213      57514.36               2.9536e+34               1.6322e+33               1.4940e+35               6.8800e+33
            HESSJ1943+213      57516.48               3.0645e+34               1.9757e+33               1.4940e+35               6.8800e+33
            HESSJ1943+213      57517.48               3.2089e+34               2.0688e+33               1.4803e+35               8.1803e+33
            HESSJ1943+213      57518.48               2.4119e+34               1.7771e+33               1.4668e+35               6.7544e+33
            HESSJ1943+213      57526.46               3.0364e+34               1.6779e+33               1.4940e+35               6.8800e+33
            HESSJ1943+213      57542.46               3.0929e+34               1.9940e+33               1.4803e+35               6.8169e+33
            HESSJ1943+213      57543.43               3.1795e+34               1.7570e+33               1.4940e+35               6.8800e+33
            HESSJ1943+213      57546.36               3.1215e+34               2.0124e+33               1.5079e+35               8.3324e+33
            HESSJ1943+213      57552.48               2.0061e+34               2.7715e+33               1.8128e+00               1.6696e+01
            HESSJ1943+213      57553.47               2.7187e+34               2.5039e+33               1.4400e+35               7.9574e+33
            HESSJ1943+213      57571.45               3.2386e+34               2.3862e+33               1.4940e+35               9.6320e+33
            HESSJ1943+213      57572.46               3.1504e+34               2.3212e+33               1.5079e+35               9.7211e+33
            HESSJ1943+213      57573.36               3.2386e+34               1.7897e+33               1.5218e+35               7.0079e+33
            HESSJ1943+213      57578.43               2.8997e+34               1.8695e+33               1.5359e+35               8.4873e+33
            HESSJ1943+213      57579.36               3.1795e+34               2.0498e+33               1.4940e+35               6.8800e+33
            HESSJ1943+213      57580.19               2.8997e+34               1.8695e+33               1.4668e+35               6.7544e+33
            HESSJ1943+213      57581.42               3.0929e+34               1.7091e+33               1.4940e+35               6.8800e+33
            HESSJ1943+213      57582.18               2.9536e+34               2.1762e+33               1.5079e+35               6.9437e+33
            HESSJ1943+213      57623.15               3.1795e+34               2.0498e+33               1.4668e+35               8.1053e+33
            HESSJ1943+213      57631.14               3.2386e+34               2.0879e+33               1.5359e+35               8.4873e+33
            HESSJ1943+213      57634.24               3.0645e+34               1.9757e+33               1.4803e+35               8.1803e+33
            HESSJ1943+213      57650.14               3.1215e+34               2.2999e+33               1.5218e+35               8.4095e+33
            HESSJ1943+213      57663.11               3.1215e+34               2.2999e+33               1.5079e+35               9.7211e+33
            HESSJ1943+213      57665.10               3.3293e+34               2.4531e+33               1.5079e+35               9.7211e+33
            HESSJ1943+213      57680.09               2.9810e+34               2.4709e+33               1.4668e+35               1.0807e+34
            HESSJ1943+213      57682.11               1.9877e+00               1.8307e+01               1.5644e+35               1.1527e+34
            HESSJ1943+213      57687.11               2.9536e+34               2.9923e+33               1.4940e+35               1.3760e+34
            HESSJ1943+213      57704.08               2.6203e+34               3.1373e+33               1.4940e+35               1.3760e+34
            HESSJ1943+213      57707.07               3.2089e+34               3.2510e+33               1.5359e+35               1.2731e+34
            HESSJ1943+213      57716.05               2.3247e+34               3.4256e+33               1.5218e+35               1.4016e+34
            HESSJ1943+213      57717.05               2.2406e+34               3.3017e+33               1.5218e+35               1.4016e+34
            HESSJ1943+213      57814.54               2.7692e+34               3.3156e+33               1.4137e+35               9.1142e+33
            HESSJ1943+213      57818.53               2.4567e+34               2.2627e+33               1.5079e+35               9.7211e+33
            HESSJ1943+213      57819.54               2.1007e+34               4.2564e+33               1.4007e+35               9.0306e+33
            HESSJ1943+213      57826.51               2.2406e+34               2.6826e+33               1.5079e+35               9.7211e+33
